-----------------------------------------------------------------------------------------------------------------------------------------------------------------------------------------
                                                              |           0a           0b           0c           0d             2             1             3             4             5
--------------------------------------------------------------+--------------------------------------------------------------------------------------------------------------------------
Nationality (English omitted)                                 |                                                                                                                          
  Danish                                                      |     0.18         0.17                                                                                                    
                                                              | [-0.16,0.52] [-0.17,0.52]                                                                                                
  Dutch                                                       |     -0.06        -0.09        -0.08        -0.09        -0.13*       -0.15**       -0.21**        -0.14*        -0.17*   
                                                              | [-0.14,0.03] [-0.19,0.02] [-0.22,0.06] [-0.24,0.07]  [-0.28,0.02] [-0.30,-0.00] [-0.38,-0.04]  [-0.29,0.00]  [-0.34,0.00]
  French                                                      |     0.02         -0.00        0.08         0.14         0.18*         0.20*          0.14         0.19*          0.12    
                                                              | [-0.15,0.19] [-0.21,0.20] [-0.15,0.31] [-0.10,0.39]  [-0.03,0.39]  [-0.01,0.41]  [-0.09,0.37]  [-0.02,0.40]  [-0.11,0.34]
  Spanish                                                     |    0.70***      0.68***                                                                                                  
                                                              |  [0.30,1.10]  [0.36,1.01]                                                                                                
War involving own nation                                      |     0.04         0.07         0.07         0.07          0.01          0.03          0.01          0.03         -0.02    
                                                              | [-0.07,0.16] [-0.05,0.20] [-0.05,0.20] [-0.06,0.19]  [-0.11,0.13]  [-0.09,0.15]  [-0.10,0.13]  [-0.09,0.15]  [-0.12,0.09]
Neutrality of own nation                                      |     0.05         0.01         0.02         0.00          0.00          0.02          0.01          0.02         -0.02    
                                                              | [-0.08,0.18] [-0.12,0.14] [-0.10,0.14] [-0.13,0.13]  [-0.10,0.11]  [-0.09,0.13]  [-0.13,0.15]  [-0.08,0.13]  [-0.16,0.13]
Period (1751-1775 omitted)                                    |                                                                                                                          
  pre-1750                                                    |     -0.06        -0.05        -0.05        -0.05         0.00          0.02         -0.02          0.01         -0.04    
                                                              | [-0.19,0.06] [-0.19,0.09] [-0.20,0.11] [-0.21,0.10]  [-0.16,0.16]  [-0.14,0.18]  [-0.18,0.14]  [-0.15,0.17]  [-0.21,0.12]
  1776-1800                                                   |     0.07         0.09         0.13         0.14         -0.10         -0.09          0.09         -0.08          0.09    
                                                              | [-0.07,0.22] [-0.06,0.24] [-0.06,0.31] [-0.05,0.33]  [-0.23,0.04]  [-0.23,0.04]  [-0.11,0.30]  [-0.22,0.05]  [-0.11,0.30]
  post-1800                                                   |     0.06         0.00         0.04         0.04         -0.18         -0.21         -0.00         -0.21          0.04    
                                                              | [-0.19,0.32] [-0.28,0.28] [-0.27,0.34] [-0.27,0.35]  [-0.47,0.11]  [-0.50,0.08]  [-0.30,0.30]  [-0.50,0.08]  [-0.26,0.34]
African region of trade (Bight of Guinea omitted)             |                                                                                                                          
  South                                                       |                  0.11         0.11         0.12         -0.04         -0.02          0.05         -0.02          0.02    
                                                              |              [-0.07,0.29] [-0.09,0.32] [-0.09,0.33]  [-0.16,0.07]  [-0.14,0.09]  [-0.14,0.24]  [-0.14,0.10]  [-0.16,0.21]
  West                                                        |                  0.02         0.01         0.02         -0.03         -0.04          0.01         -0.05          0.02    
                                                              |              [-0.07,0.10] [-0.07,0.10] [-0.07,0.11]  [-0.12,0.05]  [-0.13,0.04]  [-0.08,0.09]  [-0.13,0.03]  [-0.07,0.11]
Big African slave-trading port                                |                  -0.08       -0.10*       -0.11*       -0.13***      -0.12***       -0.10*       -0.12***      -0.10**   
                                                              |              [-0.18,0.02] [-0.21,0.01] [-0.22,0.00] [-0.20,-0.05] [-0.20,-0.04]  [-0.20,0.01] [-0.20,-0.04] [-0.21,-0.00]
Tonnage standardized on British measured tons, 1773-1835 (ln) |                               -0.03        -0.03       0.23***       0.20***         0.04        0.19***         0.09    
                                                              |                           [-0.19,0.13] [-0.20,0.14]  [0.11,0.36]   [0.07,0.33]   [-0.14,0.22]  [0.06,0.32]   [-0.10,0.28]
Not the first voyage of the outfitter (min)                   |                                            -0.03        -0.07         -0.08         -0.01         -0.10          0.00    
                                                              |                                        [-0.15,0.09]  [-0.20,0.05]  [-0.20,0.05]  [-0.15,0.12]  [-0.23,0.03]  [-0.13,0.13]
Not the first voyage of the captain (min)                     |                                            -0.04        -0.04         -0.04         -0.03         -0.04         -0.03    
                                                              |                                        [-0.15,0.07]  [-0.14,0.06]  [-0.13,0.06]  [-0.13,0.08]  [-0.14,0.06]  [-0.13,0.08]
Not the first voyage of both the captain and the outfitter    |                                           0.34**        0.25*         0.25*          0.13         0.27*          0.11    
                                                              |                                         [0.00,0.68]  [-0.04,0.53]  [-0.03,0.53]  [-0.15,0.41]  [-0.01,0.55]  [-0.18,0.39]
Enslaved people mortality rate                                |                                                        -1.32***      -1.30***      -1.29***      -1.30***      -1.30***  
                                                              |                                                     [-1.83,-0.82] [-1.80,-0.80] [-1.67,-0.90] [-1.79,-0.81] [-1.68,-0.92]
Enslaved people price markup between America and Africa       |                                                          0.00          0.00          0.01          0.00          0.01    
                                                              |                                                      [-0.04,0.05]  [-0.04,0.05]  [-0.04,0.07]  [-0.05,0.05]  [-0.04,0.07]
Length of the voyage (ln)                                     |                                                        -0.37***      -0.39***                    -0.37***                
                                                              |                                                     [-0.53,-0.22] [-0.54,-0.23]               [-0.52,-0.22]              
Fate of venture (binary)                                      |                                                                                                                          
  Voyage completed as intended                                |                                                         -0.19*        -0.20*        -0.12                       -0.12    
                                                              |                                                      [-0.40,0.03]  [-0.41,0.01]  [-0.43,0.20]                [-0.44,0.19]
Number of embarked enslaved people per ton                    |                                                          0.07                                                   0.11**   
                                                              |                                                      [-0.01,0.16]                                            [0.02,0.20] 
Intercept                                                     |    0.06**       0.09**        0.24         -0.03        1.32**       1.69***         0.07        1.43***        -0.32    
                                                              |  [0.01,0.12]  [0.01,0.17] [-0.60,1.07] [-0.91,0.85]  [0.10,2.53]   [0.59,2.78]   [-0.88,1.02]  [0.36,2.50]   [-1.36,0.72]
Number of observations for regression                         |      387          326          297          297          256           256           297           256           297     
R-squared                                                     |     0.16         0.09         0.06         0.07          0.28          0.27          0.15          0.27          0.17    
Adjusted R-squared                                            |     0.14         0.06         0.02         0.03          0.22          0.22          0.10          0.21          0.11    
--------------------------------------------------------------+--------------------------------------------------------------------------------------------------------------------------
Number of observations for extrapolation                      |     8,264        6,571        5,407        5,055        3,844         3,844         5,055         3,844         5,055    
Mean extrapolated profitability                               |     0.121        0.124        0.128        0.123        0.100         0.102         0.145         0.104         0.143    
-----------------------------------------------------------------------------------------------------------------------------------------------------------------------------------------
